2,3,6,9,14,15,20,23,26,27,32,33,38,41,44,46,50,
2,3,6,9,14,15,20,23,25,27,30,33,38,41,44,45,50,
1,5,6,9,14,15,18,23,24,28,30,33,37,41,44,47,50,
1,5,6,9,12,15,18,22,26,27,30,33,36,41,44,47,50,
1,5,6,9,14,17,19,23,26,29,30,33,36,41,44,47,50,
1,5,6,9,14,17,18,23,26,27,30,33,36,41,44,45,50,
1,3,6,9,14,17,18,23,26,27,30,33,38,41,43,45,50,
2,3,6,9,14,16,18,23,26,27,30,33,38,41,44,45,50,
2,3,6,9,14,15,20,23,26,27,30,33,38,41,44,45,50,
1,5,8,11,12,16,18,21,25,29,30,35,36,39,42,45,50,
2,3,6,9,14,15,19,23,24,27,30,33,38,39,44,46,50,
2,3,6,9,14,16,19,23,25,27,30,33,38,41,44,47,50,
1,5,8,11,12,16,18,21,25,27,30,35,36,39,44,45,50,
1,5,8,11,12,17,19,21,25,29,32,34,36,41,42,47,50,
2,3,6,9,13,15,20,23,25,27,30,33,38,41,43,45,50,
2,3,6,9,13,15,20,23,25,27,32,33,38,41,44,45,50,
1,5,8,9,12,15,20,21,26,29,32,34,36,41,43,47,48,
1,5,8,11,12,17,18,21,26,29,30,35,36,39,44,45,49,
2,3,6,9,14,15,19,23,24,27,30,33,38,41,44,45,50,
1,5,8,11,12,17,18,21,26,29,30,35,36,39,42,47,50,
1,5,8,11,12,17,18,21,26,29,30,33,36,40,42,47,50,
1,5,8,11,13,17,18,21,26,29,30,35,36,39,43,45,50,
1,5,8,11,12,17,19,21,26,29,30,35,36,39,42,45,49,
1,5,8,11,12,17,18,21,26,29,30,35,36,39,42,45,50,
1,5,8,11,12,17,18,21,25,29,30,35,36,39,42,45,48,
1,5,8,11,12,17,18,21,26,29,32,35,36,39,42,45,48,
1,5,8,11,12,17,18,21,26,29,30,35,36,39,42,47,48,
1,5,8,11,12,17,18,21,26,29,30,35,36,39,42,47,50,
2,3,8,11,14,15,20,23,26,29,30,35,38,39,44,45,48,
1,5,8,11,12,17,18,21,26,29,30,35,36,39,42,47,50,
2,3,6,9,14,15,20,23,24,27,30,33,38,41,44,45,50,
1,5,8,11,12,17,18,21,25,29,30,35,36,39,42,47,50,
1,5,8,11,12,17,18,21,26,29,32,35,36,39,44,45,50,
2,3,6,9,14,15,20,23,26,27,30,33,38,41,44,45,50,
1,5,8,11,12,17,18,21,26,29,30,35,36,39,42,45,50,
2,3,6,9,14,15,20,23,24,27,30,33,38,41,44,45,50,
2,3,6,9,14,15,20,23,26,29,32,33,38,41,43,45,49,
2,3,6,9,14,15,18,23,26,29,30,33,38,41,44,45,50,
2,3,6,9,14,15,20,23,24,27,32,33,38,41,44,45,50,
1,5,8,11,12,17,18,21,26,29,32,35,36,39,44,47,48,
1,5,8,11,12,15,18,21,25,29,30,35,36,39,42,46,50,
1,5,8,11,12,17,18,21,25,29,30,35,36,39,42,45,50,
1,5,8,11,12,15,18,21,26,29,30,35,36,39,42,45,48,
1,5,8,11,12,17,18,21,26,29,30,35,36,39,42,45,48,
1,5,8,11,12,15,18,21,25,29,30,35,36,39,42,47,50,
1,5,8,11,12,17,18,21,25,29,30,34,36,39,42,47,50,
1,5,8,11,12,15,18,21,26,29,30,35,36,39,42,45,50,
1,5,8,11,12,15,18,21,25,29,30,34,36,39,42,45,48,
1,5,8,11,14,15,18,21,26,29,30,33,36,39,42,45,50,
2,3,6,9,14,15,20,23,24,27,30,33,38,41,44,45,49,
1,5,8,11,12,17,18,21,26,29,30,35,36,39,42,47,50,
2,3,7,9,14,15,20,23,26,27,30,33,38,41,44,45,50,
1,5,8,11,12,16,18,21,25,29,30,35,36,39,42,45,50,
2,3,6,9,14,15,20,23,24,29,32,33,38,41,44,45,50,
1,5,8,10,14,15,20,21,25,29,30,33,36,41,42,47,50,
2,3,6,9,14,15,20,23,24,27,32,33,38,41,44,47,50,
2,3,6,9,14,15,20,23,26,27,32,33,38,41,44,47,50,
2,3,6,9,14,15,20,23,26,27,32,33,38,41,44,45,50,
2,3,6,9,14,15,20,23,26,27,32,33,38,41,44,45,50,
2,3,6,9,14,15,20,23,25,27,32,33,38,41,44,45,50,
1,5,8,11,12,17,18,21,25,29,32,35,36,40,42,45,50,
2,3,6,9,14,15,20,23,24,27,30,33,38,41,44,45,50,
1,5,8,11,12,15,18,21,25,29,30,35,36,39,42,45,50,
1,5,8,11,12,15,18,21,26,29,30,35,36,39,42,47,50,
1,5,8,11,12,15,19,21,26,29,30,35,36,39,42,47,50,
2,3,6,11,14,15,20,23,26,29,30,33,38,41,44,45,50,
2,3,6,11,14,15,20,23,26,27,30,33,38,41,44,47,50,
2,3,6,9,14,15,20,23,24,27,32,33,38,41,44,45,50,
1,5,8,11,12,17,18,21,26,29,30,35,36,39,44,45,49,
1,5,8,11,12,17,18,21,26,29,30,35,36,39,42,45,50,
1,5,8,11,12,17,18,21,25,29,30,35,36,39,44,45,48,
2,5,8,11,14,15,18,21,26,29,32,35,38,39,42,47,50,
1,5,8,11,12,17,18,21,25,29,30,35,36,39,42,47,50,
2,5,6,11,14,15,18,23,26,29,32,35,38,39,44,45,48,
1,5,8,11,14,17,18,21,26,29,32,35,36,41,42,47,48,
1,5,6,9,14,15,18,23,24,27,32,33,38,41,44,47,50,
1,5,6,9,14,15,20,23,25,27,32,33,36,41,44,47,50,
1,5,8,9,14,15,20,23,26,27,32,35,38,41,44,47,50,
1,5,6,9,14,15,18,23,26,29,32,33,36,41,44,47,50,
2,3,6,9,14,15,20,23,24,27,32,33,38,39,44,45,48,
1,5,8,11,14,15,20,21,25,29,32,35,36,41,42,45,48,
1,5,8,11,14,15,20,21,26,29,32,34,36,39,42,47,48,
2,3,6,9,14,15,20,23,26,27,32,33,38,41,44,45,48,
2,3,6,9,14,15,20,23,24,27,30,33,38,41,44,45,48,
2,3,6,9,14,15,20,23,24,27,32,33,38,41,44,45,49,
1,5,6,9,14,15,20,23,26,27,32,33,36,41,44,47,48,
2,3,6,9,14,15,20,23,24,27,32,33,38,41,44,45,48,
2,3,6,9,14,15,20,23,24,27,30,33,38,41,44,45,48,
1,5,6,11,14,15,18,23,26,27,32,35,36,41,44,47,50,
2,3,6,9,14,15,19,23,25,27,32,33,38,41,44,45,48,
1,5,8,11,12,17,18,21,26,29,32,35,36,39,42,45,48,
1,5,8,11,12,17,18,21,26,29,32,35,36,39,42,47,48,
1,5,8,11,13,17,18,21,26,29,32,33,36,39,42,47,50,
1,5,6,11,12,17,18,21,26,29,32,35,36,39,42,47,48,
1,5,6,9,12,15,18,23,26,29,30,33,36,41,42,45,48,
1,5,7,9,13,17,19,23,26,29,30,34,36,41,43,47,48,
1,4,6,9,14,15,20,23,26,27,30,33,36,41,44,47,48,
1,3,6,11,14,15,18,23,26,29,32,33,36,41,42,47,48,
1,5,8,11,12,15,18,21,26,29,32,35,36,41,42,45,50,
2,3,6,9,14,15,20,23,24,27,32,33,38,41,44,46,48,
1,3,6,9,14,15,20,23,26,29,30,33,36,41,42,47,48,
1,5,6,11,14,15,18,23,26,29,30,33,36,41,42,47,48,
1,5,6,11,14,17,18,23,25,29,30,34,36,41,44,47,48,
1,3,6,10,14,16,18,23,24,29,30,34,36,41,42,45,48,
1,4,8,11,14,15,18,21,25,28,32,35,37,41,44,46,49,
1,5,8,9,12,17,18,21,26,29,30,35,36,39,42,47,50,
2,3,6,9,14,15,20,23,26,27,30,33,38,41,44,45,50,
2,4,7,10,14,16,19,22,25,27,31,34,37,40,43,46,49,
1,5,8,11,12,17,18,21,25,29,30,35,36,39,42,45,49,
1,5,8,11,12,17,18,21,25,29,30,35,36,39,42,45,49,
1,5,8,11,12,17,18,21,26,27,32,35,36,39,42,45,48,
2,3,6,9,14,15,20,23,26,27,32,33,38,41,44,45,49,
1,5,8,11,12,17,18,21,25,27,32,33,36,41,42,45,49,
2,3,6,9,14,15,20,23,24,27,32,33,38,41,44,45,49,
1,5,8,11,12,17,18,21,25,29,30,35,36,39,42,45,49,
1,5,8,11,12,17,19,22,26,27,32,35,36,40,42,46,49,
1,5,8,11,12,17,18,21,26,29,30,35,36,39,42,47,48,
2,5,6,11,14,15,20,23,26,29,30,33,38,39,44,45,50,
1,5,8,9,12,17,18,21,26,27,32,35,36,39,42,47,50,
2,3,6,9,14,15,20,23,24,27,30,33,38,41,44,45,48,
2,4,6,9,14,16,20,23,26,27,32,33,38,41,44,45,49,
2,3,6,9,14,15,20,23,26,27,32,33,38,41,44,45,49,
2,3,6,9,14,15,20,23,26,27,32,33,38,41,42,45,48,
2,3,8,9,14,15,20,23,26,29,30,33,38,41,44,45,49,
1,5,8,11,12,17,18,21,26,27,30,35,36,39,42,45,49,
2,3,6,9,14,15,20,23,26,27,32,33,38,41,44,45,49,
2,3,6,9,14,15,20,23,24,27,30,33,38,41,44,45,49,
1,5,8,11,14,17,18,21,26,27,32,35,36,39,42,47,49,
1,5,8,9,12,17,18,21,26,27,32,33,36,41,42,47,49,
1,5,8,11,13,16,19,21,25,28,30,34,36,39,43,46,49,
1,5,8,11,12,17,18,22,25,29,30,35,36,40,42,45,49,
1,5,8,9,14,15,18,21,26,27,32,35,36,41,42,45,48,
2,3,6,9,14,15,20,23,25,27,32,33,38,41,44,45,48,
2,3,6,9,14,15,20,23,26,27,32,33,38,41,44,45,48,
2,3,6,9,14,15,20,23,25,27,30,33,38,41,44,45,48,
2,3,6,9,14,15,20,23,24,27,32,33,38,41,44,45,48,
2,3,6,9,12,15,20,23,26,27,32,33,38,41,44,47,50,
1,5,8,11,14,17,18,21,26,27,32,35,36,41,42,45,49,
1,5,8,11,14,15,18,21,26,27,32,35,36,41,42,45,48,
1,5,8,11,12,17,18,21,26,29,30,35,36,41,42,45,48,
2,3,8,11,14,15,18,21,26,27,32,35,38,39,44,45,48,
2,3,8,11,14,16,20,23,26,27,32,35,38,41,44,45,48,
2,3,8,11,14,15,20,23,26,27,32,35,38,41,44,45,48,
1,3,8,11,14,17,18,21,26,28,32,35,36,39,42,47,50,
1,3,8,11,14,15,18,21,25,27,32,35,36,41,42,45,49,
1,5,8,11,14,16,18,21,26,27,32,35,36,41,42,45,48,
2,3,6,9,14,15,20,23,26,27,30,33,38,41,44,45,50,
1,3,8,11,14,17,20,21,26,27,32,35,36,39,44,45,48,
2,3,6,9,14,15,20,23,26,27,32,33,38,41,44,47,50,
1,5,8,11,12,17,18,21,26,27,32,35,36,39,44,45,48,
2,3,6,9,14,15,20,23,26,29,32,33,38,41,44,45,50,
1,4,6,9,14,15,19,23,24,29,30,35,38,41,44,47,50,
1,5,8,9,12,17,18,21,26,27,32,35,36,41,44,47,50,
1,5,8,11,14,15,18,21,26,27,32,35,36,41,44,47,48,
2,3,6,9,14,15,20,23,24,27,30,33,38,41,44,45,50,
2,3,7,9,14,15,20,23,24,29,30,33,38,41,44,47,50,
2,3,6,11,14,15,20,23,24,29,30,33,38,41,44,45,50,
1,5,8,9,13,16,18,21,25,27,30,35,36,41,43,47,50,
2,3,6,9,14,15,20,23,24,27,32,33,38,41,44,45,50,
1,5,8,11,13,15,18,22,25,27,32,35,36,41,42,47,50,
1,3,6,9,14,17,20,23,26,27,30,33,36,41,44,45,50,
1,3,6,11,14,15,20,23,26,27,30,33,36,41,44,45,48,
1,5,6,11,14,15,20,23,26,27,30,33,36,41,44,47,50,
2,3,6,11,14,15,20,23,26,27,30,33,38,41,44,45,50,
1,3,6,9,14,15,20,23,25,29,32,33,36,41,44,47,50,
1,5,8,11,12,17,18,21,25,27,32,35,36,41,44,47,50,
2,5,8,11,14,17,20,23,26,29,32,33,38,41,42,45,48,
2,5,8,11,14,17,20,23,26,29,32,33,38,41,42,47,48,
1,5,6,9,14,17,18,23,25,27,30,35,38,41,44,45,48,
1,5,8,11,14,15,18,21,26,29,32,35,36,39,42,47,48,
1,5,8,10,12,17,18,21,25,29,31,35,36,39,42,45,48,
2,3,6,9,14,15,20,23,26,27,32,33,38,41,44,45,49,
1,5,8,11,12,17,18,21,26,27,32,35,36,39,43,45,50,
1,3,6,9,14,15,20,23,26,27,32,33,36,41,44,47,48,
1,5,8,11,12,17,18,21,25,29,30,35,36,39,42,45,49,
1,5,8,11,12,17,18,21,26,27,32,35,36,39,42,45,50,
2,5,8,11,14,17,18,21,26,27,32,35,38,39,42,45,48,
1,5,8,11,12,17,19,21,26,27,32,35,36,39,42,47,48,
1,5,8,11,12,17,19,21,25,28,32,35,36,39,42,47,48,
1,5,8,11,12,17,18,21,26,29,32,35,36,39,42,45,48,
1,5,8,11,12,16,18,21,25,28,31,35,36,39,42,46,49,
1,5,8,11,12,17,18,21,26,27,32,35,36,39,42,47,48,
1,5,8,11,12,17,18,21,26,29,30,35,36,39,42,45,49,
1,4,7,10,13,16,19,22,25,28,31,35,37,40,43,46,49,
1,5,8,11,12,17,18,21,26,27,32,35,36,39,42,47,48,
1,5,8,11,12,17,19,21,26,29,32,35,36,39,42,45,48,
1,5,8,11,12,17,18,21,26,27,32,35,36,39,42,47,50,
1,5,8,11,12,17,18,21,25,29,30,35,36,39,42,45,48,
2,3,8,11,14,16,20,23,25,29,30,33,38,41,43,45,49,
1,5,8,11,12,17,18,21,26,29,30,35,36,39,42,45,48,
2,3,6,9,14,15,20,23,25,27,30,33,38,41,44,45,49,
2,3,7,9,14,15,20,23,25,27,32,33,38,41,44,45,50,
1,3,8,11,14,17,18,21,26,27,30,35,36,41,42,47,48,
1,5,8,11,12,17,18,21,26,27,30,35,36,39,42,45,48,
1,5,7,11,12,17,18,21,26,27,32,35,36,41,42,47,48,
2,3,6,9,14,15,20,23,25,27,30,33,38,41,44,45,48,
1,5,8,11,14,17,20,21,25,27,30,35,36,41,42,47,48,
2,5,6,9,14,15,18,23,26,27,32,33,38,41,42,45,49,
1,5,8,11,12,17,18,21,25,27,32,35,36,39,43,47,48,
1,3,8,11,12,17,18,21,25,29,30,34,36,39,42,47,50,
1,5,8,11,14,17,18,21,26,27,30,35,36,39,42,45,48,
1,5,8,11,12,17,18,21,26,29,30,35,36,39,42,45,50,
1,5,8,11,12,17,18,21,26,29,32,35,36,41,42,47,48,
1,5,8,11,12,17,18,21,26,29,32,35,36,39,42,45,48,
2,5,6,11,14,15,20,23,26,27,30,33,38,41,44,45,48,
1,5,8,11,12,15,20,21,26,27,32,35,36,41,42,45,48,
2,3,6,9,14,15,20,23,26,27,32,33,38,41,42,45,48,
2,3,6,11,14,15,20,23,26,29,32,33,38,41,44,45,49,
1,5,8,11,12,17,19,21,26,27,30,35,36,39,42,45,48,
1,5,8,11,12,15,18,21,26,29,32,35,36,39,42,47,50,
1,5,8,11,12,17,18,21,26,27,30,35,36,41,42,45,48,
2,3,6,9,14,15,20,23,26,27,32,33,38,41,44,45,50,
1,5,8,11,12,17,18,21,26,27,30,35,36,39,42,47,48,
1,5,8,9,12,17,18,21,26,27,30,35,36,41,44,47,50,
2,3,6,9,14,15,20,23,26,29,32,33,38,41,44,45,50,
1,5,6,9,14,17,20,23,25,27,32,33,38,41,44,47,50,
1,5,6,9,14,17,18,23,25,29,32,34,36,41,42,45,50,
2,3,6,9,14,15,20,23,24,27,32,33,38,41,44,45,50,
1,5,8,11,12,17,18,21,25,29,30,35,36,39,42,46,49,
1,5,8,9,14,17,18,21,26,27,30,35,36,39,42,47,50,
1,5,8,11,12,17,18,21,25,27,30,35,36,39,42,45,48,
1,5,6,9,12,17,18,23,25,27,30,33,36,41,42,47,50,
1,5,8,11,12,17,18,21,25,29,30,35,36,39,42,47,48,
2,3,6,9,14,15,20,23,26,27,30,33,38,39,44,45,48,
2,3,6,9,14,15,19,23,24,27,32,33,38,41,44,45,50,
2,3,6,9,14,15,20,23,26,27,30,33,38,41,44,45,49,
1,5,8,11,14,17,18,21,26,27,30,35,36,41,42,47,48,
1,5,8,11,12,16,18,21,26,29,30,35,36,39,42,45,48,
2,3,6,9,13,15,20,23,26,27,30,33,38,41,44,45,50,
2,5,6,11,14,15,20,23,26,27,32,35,38,41,44,45,50,
2,3,6,9,14,15,20,23,26,27,30,33,38,41,44,45,50,
2,3,6,9,14,15,20,23,26,27,32,35,38,41,44,45,50,
1,5,8,11,12,17,18,21,25,27,30,33,36,39,42,47,50,
2,3,6,9,14,15,20,23,26,27,32,33,38,41,44,45,50,
1,5,8,11,14,17,20,21,25,27,32,35,36,41,42,45,48,
2,3,6,9,14,15,20,23,26,27,32,33,38,41,42,45,48,
1,5,8,11,12,17,18,21,26,27,30,35,36,39,42,45,48,
1,5,8,11,12,15,20,21,26,29,30,33,36,41,44,45,48,
1,5,8,11,12,17,18,21,25,29,32,34,36,39,42,45,50,
2,3,6,11,14,17,18,23,26,27,32,33,38,41,42,45,48,
2,3,7,11,14,15,20,21,26,27,30,35,38,41,44,45,48,
1,5,8,11,14,17,18,21,26,29,32,35,36,39,42,47,48,
2,3,6,11,14,17,19,23,26,27,30,33,36,41,42,45,48,
1,5,8,11,12,17,18,21,26,27,32,34,36,39,44,45,50,
1,5,8,9,12,17,18,21,26,29,32,35,36,39,42,45,48,
1,5,8,11,12,17,18,21,26,29,32,35,36,39,42,47,48,
1,5,8,11,14,16,18,23,26,27,30,35,36,39,42,45,48,
2,3,6,10,14,15,19,23,24,27,30,33,38,41,44,45,50,
2,4,7,10,13,16,19,22,25,28,31,34,37,40,43,46,49,
1,5,8,11,12,17,18,21,26,29,30,34,36,39,42,47,48,
2,3,6,9,14,15,20,23,24,27,30,33,38,41,44,45,50,
2,3,6,9,14,15,20,23,24,27,30,33,38,41,44,45,50,
1,5,8,11,12,17,18,21,26,29,30,35,36,41,42,45,50,
2,3,6,9,14,15,20,23,26,27,30,33,38,41,44,45,50,
1,5,8,11,12,15,18,21,26,29,32,35,36,39,42,45,48,
1,5,8,11,14,17,18,21,26,29,32,35,36,39,42,45,48,
2,3,6,9,14,15,20,23,24,27,30,33,38,39,42,45,48,
2,3,6,9,14,16,20,23,26,27,30,33,38,39,42,45,48,
1,5,8,11,12,17,18,21,26,27,30,35,36,39,42,47,48,
1,5,8,11,12,15,18,21,26,29,30,35,36,39,42,45,48,
1,5,8,11,12,15,18,21,26,29,32,35,36,39,42,45,48,
1,5,8,11,13,16,19,21,25,29,30,35,36,40,42,46,48,
1,5,8,11,12,17,18,21,26,29,32,35,36,39,43,45,48,
1,5,8,11,12,17,18,21,25,29,30,35,36,39,42,45,48,
1,5,8,11,12,17,18,21,25,29,30,35,36,39,42,45,48,
1,5,8,11,12,15,18,21,26,29,32,35,36,39,42,45,48,
2,3,6,9,14,15,20,23,26,27,32,33,38,41,42,45,48,
2,3,8,11,14,15,18,21,26,29,32,35,36,39,42,45,48,
1,5,8,11,12,17,18,21,25,29,30,35,36,39,42,45,48,
1,5,8,11,12,15,18,21,26,29,30,35,36,39,42,45,48,
1,5,8,11,12,17,18,21,26,29,30,35,36,39,42,45,50,
1,5,8,11,12,15,18,21,26,27,30,35,36,41,42,46,50,
1,5,8,11,12,17,18,21,25,29,32,35,36,39,42,45,48,
2,3,8,11,14,16,20,23,26,27,32,33,38,39,44,45,48,
2,3,6,11,14,17,18,23,26,29,32,33,38,39,42,45,48,
1,5,6,9,14,15,18,23,24,27,30,33,36,41,44,46,48,
2,3,6,9,14,17,20,23,24,27,30,33,38,41,44,45,48,
2,5,8,11,14,15,18,23,26,27,32,33,38,41,42,45,48,
2,3,6,9,14,15,20,23,26,27,30,33,38,41,44,45,48,
2,3,6,9,14,15,20,23,24,27,32,33,38,41,44,45,48,
1,5,8,11,14,15,18,21,26,27,32,35,36,39,42,45,48,
2,5,8,11,14,15,18,23,25,29,30,33,38,41,42,45,48,
2,3,6,9,14,15,19,23,24,29,32,33,38,41,44,45,48,
2,3,6,9,14,15,20,23,26,27,30,33,38,41,44,45,48,
1,5,8,11,12,16,18,21,26,27,32,35,36,41,42,47,48,
1,5,8,11,12,17,18,21,26,27,32,35,36,41,42,47,48,
1,5,8,10,14,17,20,21,25,27,32,34,36,41,42,47,48,
1,5,8,11,12,16,18,21,26,29,30,35,37,41,44,47,50,
1,5,8,9,14,17,18,23,26,29,32,33,36,41,44,47,50,
1,5,8,9,14,15,18,23,25,29,32,33,36,41,44,47,50,
1,5,8,10,14,15,18,22,26,29,32,35,36,41,44,45,48,
1,5,8,11,14,15,19,21,26,29,32,35,36,41,42,45,48,
1,5,8,11,14,17,18,21,26,29,32,33,36,41,44,47,48,
1,5,8,11,14,17,18,21,26,29,32,35,36,41,44,47,50,
1,5,8,11,14,15,18,21,25,27,32,33,36,41,44,47,50,
2,3,7,10,13,16,20,23,25,27,32,33,38,41,43,45,50,
2,5,6,9,14,17,20,23,26,27,32,33,38,41,44,45,48,
1,5,8,11,12,17,18,21,25,29,32,35,36,41,43,45,50,
1,3,8,11,12,17,18,21,26,27,32,35,36,39,42,47,50,
1,5,8,11,14,17,18,21,26,27,32,35,36,41,44,45,50,
2,3,8,11,14,15,20,23,26,27,32,35,38,39,44,45,48,
1,4,8,11,12,17,18,21,26,27,30,35,36,41,42,45,48,
2,3,6,11,14,15,20,23,26,27,32,33,38,41,44,45,48,
2,3,6,9,14,15,20,23,24,27,30,33,38,41,44,45,48,
2,3,6,9,14,15,20,23,25,27,32,33,38,41,44,45,50,
2,3,6,9,14,15,20,23,24,27,32,33,38,41,44,45,48,
2,3,6,9,14,15,20,23,24,27,30,33,38,41,44,45,48,
1,5,8,11,14,15,18,21,25,29,30,35,36,41,42,45,48,
2,3,6,9,14,15,20,23,24,27,32,33,38,41,44,45,48,
1,3,8,11,14,17,18,21,26,29,32,35,36,41,42,45,48,
2,3,6,9,14,17,20,23,24,27,32,33,38,41,44,45,48,
1,5,8,11,12,15,18,21,26,27,32,35,36,41,44,45,48,
1,5,8,11,12,17,18,21,26,29,32,35,36,39,42,45,50,
2,5,6,9,14,15,20,23,26,27,32,33,38,41,44,45,50,
2,3,8,11,14,17,20,23,26,27,30,33,38,41,44,47,50,
2,5,7,11,13,17,18,23,25,27,30,33,38,41,43,45,50,
1,3,8,9,14,17,20,21,24,27,30,35,36,41,44,47,48,
1,3,8,11,12,17,18,21,26,29,32,35,36,39,42,45,48,
1,5,8,11,12,17,18,21,25,27,30,35,36,39,42,45,48,
1,5,8,11,12,17,18,21,25,29,30,35,36,39,42,45,48,
1,5,8,9,14,15,18,21,26,27,32,35,36,41,44,45,50,
1,5,8,11,12,15,18,21,26,29,32,35,36,39,44,45,50,
1,5,7,9,14,15,18,22,25,29,30,33,36,41,44,47,50,
1,5,8,9,14,15,18,23,25,29,32,34,36,41,44,45,50,
2,3,6,9,14,15,20,23,24,27,30,33,38,41,44,47,50,
1,3,6,9,14,15,20,23,26,27,30,34,36,41,44,45,50,
1,3,8,11,14,15,18,21,26,29,30,35,38,39,42,47,50,
2,3,6,9,14,15,20,23,26,27,30,33,38,41,44,45,50,
1,5,8,11,12,15,18,21,26,29,30,35,36,39,42,47,50,
1,5,8,11,12,17,18,21,25,29,32,35,36,41,42,45,49,
2,3,6,9,14,15,20,23,24,27,32,33,38,41,44,45,50,
1,5,8,11,12,17,18,21,25,29,30,35,36,39,42,45,49,
1,5,8,11,12,17,18,21,25,29,30,35,36,39,42,47,48,
1,5,8,11,12,17,18,21,26,27,30,35,36,39,42,45,48,
1,5,8,11,12,17,20,21,26,27,30,34,36,41,42,47,50,
2,3,6,9,14,15,20,23,25,27,32,33,38,41,44,47,48,
1,5,8,11,14,16,18,21,26,27,30,33,36,41,42,47,48,
1,5,8,11,12,17,18,21,26,29,30,35,36,39,42,45,48,
1,5,8,11,14,17,18,21,26,29,32,35,36,39,42,45,48,
2,3,6,9,14,15,20,23,24,29,30,33,38,41,44,47,48,
2,3,6,9,14,15,20,23,26,27,32,33,38,41,42,47,48,
1,5,8,11,13,17,18,21,26,27,32,35,37,41,43,47,49,
1,5,6,11,12,17,18,23,26,27,32,33,36,40,44,47,50,
2,3,6,11,14,15,18,23,26,27,32,35,38,39,42,45,48,
1,5,8,11,12,17,18,21,26,27,32,35,36,39,42,47,48,
2,3,6,11,14,17,20,23,26,27,32,33,38,41,42,45,48,
2,3,6,9,14,15,20,23,26,27,32,33,38,41,44,45,48,
2,3,6,9,14,15,20,23,24,29,32,33,38,41,44,45,48,
1,5,8,11,12,17,20,21,25,29,32,35,36,39,42,45,48,
2,5,8,11,14,15,20,23,26,27,30,35,38,41,44,45,50,
1,3,6,11,12,17,18,21,26,27,30,35,36,41,42,47,50,
2,5,8,11,14,17,20,23,26,27,32,35,38,41,44,45,48,
1,3,8,11,12,17,18,21,25,27,30,35,38,41,44,47,50,
2,5,6,11,14,15,20,23,26,27,32,33,38,41,44,47,48,
1,5,8,11,12,17,19,21,26,27,32,35,36,41,42,45,50,
2,5,8,9,14,17,18,21,26,29,32,35,38,39,42,45,48,
2,3,6,9,14,15,20,23,24,27,30,33,38,41,44,45,48,
2,3,6,9,14,15,20,23,24,27,30,33,38,41,44,45,48,
1,5,8,11,14,15,20,21,25,29,32,35,36,41,44,47,50,
2,3,6,9,14,15,20,23,26,27,32,33,38,41,44,46,48,
1,5,8,11,12,15,18,21,26,29,32,35,36,41,44,45,48,
1,5,6,11,14,15,18,23,25,29,32,35,36,41,44,45,48,
1,5,8,11,12,15,20,21,26,29,32,35,36,41,44,47,50,
2,3,6,9,12,15,18,23,24,29,32,33,38,41,44,47,50,
2,3,6,9,14,15,18,23,26,29,30,33,38,41,44,47,50,
1,3,6,9,14,15,18,23,24,27,32,33,36,41,44,47,50,
1,5,8,11,12,15,18,21,25,29,32,33,36,39,42,47,48,
1,5,8,11,12,17,18,23,25,29,32,33,36,41,42,47,50,
1,5,8,11,12,17,18,21,26,27,32,33,36,41,42,45,50,
2,3,6,9,14,15,18,23,26,27,30,33,38,41,44,45,50,
1,5,8,11,12,17,19,22,26,29,32,33,36,41,42,46,50,
1,5,8,11,12,17,18,22,25,29,32,35,36,39,42,45,50,
1,5,6,9,14,15,20,23,24,27,30,33,38,41,43,47,50,
1,5,8,9,14,16,18,23,26,27,32,33,37,41,44,46,50,
2,3,6,9,14,15,20,23,26,27,30,33,38,41,44,45,50,
1,3,6,9,14,15,20,23,24,27,30,33,38,41,42,47,50,
1,5,8,11,12,17,18,21,26,29,30,35,36,39,42,47,49,
2,3,7,10,13,16,19,23,25,27,30,33,38,41,44,46,50,
2,3,6,9,14,15,20,23,26,27,30,33,38,41,44,45,48,
2,3,6,9,14,15,20,23,26,27,30,33,38,41,44,45,48,
1,5,8,10,12,17,18,21,26,29,30,35,36,41,44,47,50,
1,5,8,11,14,15,18,23,25,29,32,35,36,41,44,47,50,
1,3,6,9,14,15,18,23,25,29,30,33,38,41,44,47,50,
1,5,8,9,12,15,18,23,26,29,32,35,36,41,42,47,50,
1,5,6,9,14,15,20,23,26,29,30,33,38,41,44,47,50,
1,3,6,9,14,17,20,23,24,29,30,33,36,41,44,47,50,
1,5,8,9,12,15,18,23,25,27,30,33,36,41,42,47,49,
1,5,8,9,14,15,18,23,25,29,30,35,36,41,42,47,50,
1,5,6,9,14,15,20,23,25,27,30,33,38,41,44,45,50,
1,5,8,11,12,17,18,21,25,29,31,35,36,39,42,47,48,
1,3,6,10,14,15,20,22,25,28,30,33,36,41,42,47,49,
1,3,8,9,12,17,18,21,24,29,30,35,36,39,42,47,50,
2,3,6,9,14,15,20,23,26,29,30,33,38,41,44,47,50,
2,4,8,9,12,15,20,21,25,28,30,35,37,41,44,45,49,
1,4,6,9,12,15,18,22,26,29,30,33,37,41,44,47,50,
1,5,8,9,12,17,19,21,26,29,30,33,37,39,42,47,50,
1,5,8,9,12,17,18,23,26,29,30,33,36,41,44,47,50,
1,3,6,9,14,15,18,23,26,29,30,33,36,40,44,47,50,
1,5,8,9,12,15,18,23,26,27,30,33,36,41,42,45,50,
2,3,6,9,14,15,20,22,24,27,32,33,38,41,44,45,50,
2,3,7,9,14,15,19,23,25,27,30,33,38,41,43,46,50,
2,3,6,9,14,15,20,23,24,27,32,33,38,41,44,47,50,
2,5,8,11,14,15,20,21,26,28,32,35,38,41,42,45,48,
2,3,6,9,14,15,20,23,24,27,32,33,38,41,43,45,50,
2,3,6,9,14,15,20,23,26,29,32,33,38,41,44,45,50,
2,3,6,9,14,15,20,23,26,27,30,33,38,41,44,45,48,
1,5,6,9,14,15,18,23,26,29,32,35,36,41,44,45,48,
1,3,6,9,14,15,20,23,24,27,30,33,38,41,44,47,48,
1,5,8,11,14,17,20,21,26,29,30,35,36,41,43,45,48,
2,3,6,9,14,15,20,23,24,27,30,33,38,41,44,45,48,
2,3,6,9,14,15,20,23,26,27,30,33,38,41,44,47,48,
1,5,8,11,12,15,18,21,26,29,32,35,36,41,42,47,48,
2,3,6,9,14,15,20,23,26,27,32,33,38,41,44,45,48,
2,5,8,11,14,15,19,23,26,29,32,33,38,41,43,46,50,
1,5,8,11,12,15,18,21,26,29,30,35,36,39,42,45,50,
1,5,8,11,12,15,18,21,26,27,32,34,36,41,42,45,50,
2,3,6,9,14,15,18,23,26,29,32,33,38,41,44,45,50,
1,5,8,11,12,15,18,21,26,29,32,35,36,39,44,47,50,
1,5,8,11,12,15,18,21,26,29,32,33,36,39,42,45,50,
1,5,8,11,12,15,18,21,26,29,30,35,36,39,42,45,50,
2,5,8,11,14,15,18,23,26,29,32,33,38,41,44,45,50,
1,5,8,11,12,17,18,23,26,27,30,33,36,41,44,47,50,
1,5,8,11,12,17,18,21,26,27,30,35,36,41,42,47,48,
1,5,8,11,14,17,18,21,26,27,30,35,36,41,42,47,50,
1,5,8,11,14,17,18,21,26,27,32,35,36,40,43,47,50,
1,5,8,11,12,17,18,21,25,27,32,33,36,39,42,47,48,
1,5,8,11,12,17,18,21,26,29,32,35,36,39,42,45,48,
2,3,8,11,14,15,20,23,26,27,32,33,38,41,44,45,48,
1,4,8,11,12,17,18,21,26,28,32,35,36,39,44,45,49,
1,5,8,11,13,17,20,22,26,29,32,35,36,39,42,45,48,
2,5,6,9,14,15,20,23,26,27,32,35,38,41,44,45,48,
1,5,8,11,12,15,18,21,26,27,32,35,36,39,42,45,48,
2,3,6,9,14,15,20,23,26,27,30,33,38,41,44,47,49,
2,3,7,10,14,15,20,23,26,27,31,34,38,41,44,45,48,
2,3,6,9,14,16,20,23,24,27,32,33,38,41,44,45,50,
